4294967279,375
4294967278,375
4294967294,920
4294967278,191
4294967278,189
0,5
4294967279,189
4294967294,469
4294967294,970
4294967294,67
4294967294,68
4294967294,11
4294967278,132
4294967278,131
4294967278,130
4294967278,129
4294967278,128
4294967278,127
4294967278,126
4294967278,125
4294967278,124
4294967278,123
4294967278,122
4294967278,121
4294967278,120
4294967278,119
4294967278,118
4294967278,117
4294967278,116
4294967278,115
4294967278,114
4294967278,113
4294967278,112
4294967278,111
4294967278,110
4294967278,109
4294967278,108
4294967278,107
4294967278,106
4294967278,105
4294967278,104
4294967278,103
4294967278,102
4294967278,101
4294967278,100
4294967278,99
4294967278,98
4294967278,97
4294967278,96
4294967278,95
4294967278,94
4294967278,93
4294967278,92
4294967278,91
4294967278,90
4294967278,89
4294967278,87
4294967278,86
4294967278,85
4294967278,84
4294967278,83
4294967278,82
4294967278,81
4294967278,80
4294967278,79
4294967278,78
4294967278,77
4294967278,76
4294967278,75
4294967278,74
4294967278,73
4294967278,72
4294967278,71
4294967278,70
4294967278,69
4294967278,68
4294967278,67
4294967278,66
4294967278,65
4294967278,64
4294967278,63
4294967278,62
4294967278,61
4294967278,60
4294967278,59
4294967278,58
4294967278,57
4294967278,56
4294967278,55
4294967278,54
4294967278,53
4294967278,52
4294967278,51
4294967278,50
4294967278,49
4294967278,48
4294967278,47
4294967278,46
4294967278,45
4294967278,44
4294967278,43
4294967278,42
4294967278,41
4294967278,40
4294967278,39
4294967278,38
4294967279,17
4294967279,15
4294967279,12
4294967279,11
4294967279,10
4294967279,9
4294967279,8
4294967279,7
4294967279,6
4294967279,5
4294967279,4
4294967279,374
4294967278,374
4294967279,373
4294967278,373
4294967278,181
4294967279,182
52,7
4294967278,180
52,6
52,5
52,4
52,3
52,2
52,1
4294967279,179
4294967278,177
4294967279,178
4294967279,175
4294967278,176
51,6
51,5
4294967278,175
51,4
4294967279,176
51,3
51,2
51,1
4294967279,297
4294967294,428
4294967278,300
4294967279,295
4294967279,296
4294967278,299
4294967278,298
4294967279,170
4294967279,294
4294967279,168
4294967279,167
4294967278,165
50,6
50,5
4294967279,165
50,4
4294967278,163
50,3
50,2
50,1
4294967278,372
4294967279,164
4294967294,955
4294967279,163
4294967279,162
49,4
49,3
49,2
49,1
4294967278,332
4294967279,160
4294967278,158
4294967279,159
48,4
4294967278,157
48,3
48,2
48,1
4294967279,158
4294967294,187
4294967278,156
4294967279,155
4294967279,372
4294967278,153
4294967279,153
4294967278,371
4294967279,331
4294967279,330
4294967278,329
4294967279,150
4294967279,288
4294967279,148
4294967278,146
4294967279,146
4294967294,83
4294967278,144
4294967279,143
4294967279,329
4294967278,141
4294967279,371
4294967278,370
4294967279,140
4294967278,139
4294967279,328
4294967278,326
4294967279,273
4294967278,137
4294967278,136
4294967279,327
4294967278,288
4294967279,135
4294967278,134
4294967279,133
4294967294,952
4294967279,370
4294967278,369
4294967279,270
4294967279,268
4294967278,275
4294967293,131
4294967293,130
4294967293,129
4294967293,128
4294967293,127
4294967293,126
4294967293,125
4294967293,124
4294967293,123
4294967293,122
4294967293,121
4294967293,120
4294967293,119
4294967293,118
4294967293,117
4294967293,116
4294967293,115
4294967293,114
4294967293,113
4294967293,112
4294967293,111
4294967293,110
4294967293,109
4294967293,108
4294967293,107
4294967293,106
4294967293,105
4294967293,104
4294967293,103
4294967293,102
4294967293,101
4294967293,100
4294967293,99
4294967293,98
4294967293,97
4294967293,96
4294967293,95
4294967293,94
4294967293,93
4294967293,92
4294967293,91
4294967293,90
4294967293,89
4294967293,87
4294967293,86
4294967293,85
4294967293,84
4294967293,83
4294967293,82
4294967293,81
4294967293,80
4294967293,79
4294967293,78
4294967293,77
4294967293,76
4294967293,75
4294967293,74
4294967293,73
4294967293,72
4294967293,71
4294967293,70
4294967293,69
4294967293,68
4294967293,67
4294967293,66
4294967293,65
4294967293,64
4294967293,63
4294967293,62
4294967293,61
4294967293,60
4294967293,59
4294967293,58
4294967293,57
4294967293,56
4294967293,55
4294967293,54
4294967293,53
4294967293,52
4294967293,51
4294967293,50
4294967293,49
4294967293,48
4294967293,47
4294967293,46
4294967293,45
4294967293,44
4294967293,43
4294967293,42
4294967293,41
4294967293,40
4294967293,39
4294967293,38
4294967293,37
4294967293,36
4294967293,35
4294967293,34
4294967293,33
4294967293,32
4294967293,31
4294967293,30
4294967293,29
4294967293,28
4294967293,27
4294967293,26
4294967293,25
4294967293,24
4294967293,23
4294967293,22
4294967293,21
4294967293,20
4294967293,19
4294967293,18
4294967293,17
4294967293,16
4294967293,15
4294967293,14
4294967293,13
4294967293,12
4294967293,11
4294967293,10
4294967293,9
4294967293,8
4294967293,7
4294967293,6
4294967293,5
4294967293,4
4294967293,3
4294967279,30
4294967279,29
4294967279,28
4294967279,27
4294967279,26
4294967279,25
4294967279,24
4294967279,23
4294967279,22
4294967279,21
4294967279,20
4294967279,19
4294967279,279
4294967278,368
4294967279,369
4294967278,271
4294967279,265
4294967278,268
4294967279,326
4294967278,284
4294967279,368
4294967278,266
4294967279,325
4294967278,322
4294967278,281
4294967279,324
